0.00000 0.29208 0.43441 0.48391 0.29455 0.63119 0.53960 0.62252
0.29208 0.00000 0.55693 0.54455 0.44926 0.65099 0.58663 0.63985
0.43441 0.55693 0.00000 0.46906 0.29332 0.63614 0.56436 0.63861
0.48391 0.54455 0.46906 0.00000 0.32178 0.49381 0.31436 0.45297
0.29455 0.44926 0.29332 0.32178 0.00000 0.58663 0.48144 0.58663
0.63119 0.65099 0.63614 0.49381 0.58663 0.00000 0.32302 0.48391
0.53960 0.58663 0.56436 0.31436 0.48144 0.32302 0.00000 0.29208
0.62252 0.63985 0.63861 0.45297 0.58663 0.48391 0.29208 0.00000
