29
0 9438 5561 2645 4528 11515 7898 4953 1448 2892 8896 3245 3150 10584 2139 8703 12736 13668 4236 12098 6356 2125 13466 6008 8981 10481 5508 12164 7729
9438 0 5839 10663 6172 2441 2258 12971 8726 8192 1656 11263 6754 1510 10157 1251 3662 4594 12254 3024 3788 10143 4392 3892 1131 1407 4732 3090 3625
5561 5839 0 6786 2295 7916 4299 9094 4849 4315 5297 7386 2877 6985 6280 5104 9137 10069 8377 8499 2757 6266 9867 2409 5382 6882 1909 8565 4130
2645 10663 6786 0 5753 12740 9123 2468 2673 4117 10121 760 4375 11809 816 9928 13961 14893 1751 13323 7581 2494 14691 7233 10206 11706 6733 13389 8954
4528 6172 2295 5753 0 8249 4632 8061 3816 3282 5630 6353 1844 7318 5247 5437 9470 10402 7344 8832 3090 5233 10200 2742 5715 7215 2242 8898 4463
11515 2441 7916 12740 8249 0 4335 15048 10803 10269 3733 13340 8831 1509 12234 3328 2377 3309 14331 1739 5865 12220 3107 5969 3208 1570 6809 1805 5702
7898 2258 4299 9123 4632 4335 0 11431 7186 6652 1716 9723 5214 3404 8617 1523 5556 6488 10714 4918 2248 8603 6286 2352 1801 3301 3192 4984 2085
4953 12971 9094 2468 8061 15048 11431 0 4981 6425 12429 2230 6683 14117 3124 12236 16269 17201 1227 15631 9889 4802 16999 9541 12514 14014 9041 15697 11262
1448 8726 4849 2673 3816 10803 7186 4981 0 2180 8184 3273 2438 9872 2167 7991 12024 12956 4264 11386 5644 2153 12754 5296 8269 9769 4796 11452 7017
2892 8192 4315 4117 3282 10269 6652 6425 2180 0 7650 4717 1904 9338 3611 7457 11490 12422 5708 10852 5110 3597 12220 4762 7735 9235 4262 10918 6483
8896 1656 5297 10121 5630 3733 1716 12429 8184 7650 0 10721 6212 2802 9615 921 4954 5886 11712 4316 3246 9601 5684 3350 1199 2699 4190 4382 3083
3245 11263 7386 760 6353 13340 9723 2230 3273 4717 10721 0 4975 12409 1416 10528 14561 15493 1513 13923 8181 3094 15291 7833 10806 12306 7333 13989 9554
3150 6754 2877 4375 1844 8831 5214 6683 2438 1904 6212 4975 0 7900 3869 6019 10052 10984 5966 9414 3672 3855 10782 3324 6297 7797 2824 9480 5045
10584 1510 6985 11809 7318 1509 3404 14117 9872 9338 2802 12409 7900 0 11303 2397 2730 3662 13400 2092 4934 11289 3460 5038 2277 639 5878 2158 4771
2139 10157 6280 816 5247 12234 8617 3124 2167 3611 9615 1416 3869 11303 0 9422 13455 14387 2407 12817 7075 1988 14185 6727 9700 11200 6227 12883 8448
8703 1251 5104 9928 5437 3328 1523 12236 7991 7457 921 10528 6019 2397 9422 0 4549 5481 11519 3911 3053 9408 5279 3157 794 2294 3997 3977 2890
12736 3662 9137 13961 9470 2377 5556 16269 12024 11490 4954 14561 10052 2730 13455 4549 0 1034 15552 2240 7086 13441 832 7190 4429 2791 8030 1006 6923
13668 4594 10069 14893 10402 3309 6488 17201 12956 12422 5886 15493 10984 3662 14387 5481 1034 0 16484 3172 8018 14373 332 8122 5361 3723 8962 1938 7855
4236 12254 8377 1751 7344 14331 10714 1227 4264 5708 11712 1513 5966 13400 2407 11519 15552 16484 0 14914 9172 4085 16282 8824 11797 13297 8324 14980 10545
12098 3024 8499 13323 8832 1739 4918 15631 11386 10852 4316 13923 9414 2092 12817 3911 2240 3172 14914 0 6448 12803 2970 6552 3791 2153 7392 1668 6285
6356 3788 2757 7581 3090 5865 2248 9889 5644 5110 3246 8181 3672 4934 7075 3053 7086 8018 9172 6448 0 7061 7816 810 3331 4831 1650 6514 2079
2125 10143 6266 2494 5233 12220 8603 4802 2153 3597 9601 3094 3855 11289 1988 9408 13441 14373 4085 12803 7061 0 14171 6713 9686 11186 6213 12869 8434
13466 4392 9867 14691 10200 3107 6286 16999 12754 12220 5684 15291 10782 3460 14185 5279 832 332 16282 2970 7816 14171 0 7920 5159 3521 8760 1736 7653
6008 3892 2409 7233 2742 5969 2352 9541 5296 4762 3350 7833 3324 5038 6727 3157 7190 8122 8824 6552 810 6713 7920 0 3435 4935 1302 6618 2183
8981 1131 5382 10206 5715 3208 1801 12514 8269 7735 1199 10806 6297 2277 9700 794 4429 5361 11797 3791 3331 9686 5159 3435 0 2174 4275 3857 3168
10481 1407 6882 11706 7215 1570 3301 14014 9769 9235 2699 12306 7797 639 11200 2294 2791 3723 13297 2153 4831 11186 3521 4935 2174 0 5775 2219 4668
5508 4732 1909 6733 2242 6809 3192 9041 4796 4262 4190 7333 2824 5878 6227 3997 8030 8962 8324 7392 1650 6213 8760 1302 4275 5775 0 7458 3023
12164 3090 8565 13389 8898 1805 4984 15697 11452 10918 4382 13989 9480 2158 12883 3977 1006 1938 14980 1668 6514 12869 1736 6618 3857 2219 7458 0 6351
7729 3625 4130 8954 4463 5702 2085 11262 7017 6483 3083 9554 5045 4771 8448 2890 6923 7855 10545 6285 2079 8434 7653 2183 3168 4668 3023 6351 0
