26
2
0 1464 3949 6352 3276 7167 3193 3175 3011 2854 2493 6961 7133 3590 2178 7912 4210 6311 5303 6856 1587 4315 7420 4414 1750 4781
1464 0 2755 5158 2082 6753 2779 1981 1817 2440 2079 5767 6719 2396 984 7498 3796 5897 4109 6442 393 3121 6226 4000 1336 4367
3949 2755 0 3067 1293 9238 5264 1786 2028 4925 4564 3676 9204 743 3037 9983 6281 8382 2018 8927 2566 1030 4135 6485 3821 6852
6352 5158 3067 0 3696 11641 7667 4189 4431 7328 6967 2017 11607 3146 5440 12386 8684 10785 2051 11330 4969 2349 2476 8888 6224 9255
3276 2082 1293 3696 0 8565 4591 1113 1355 4252 3891 4305 8531 934 2364 9310 5608 7709 2647 8254 1893 1659 4764 5812 3148 6179
7167 6753 9238 11641 8565 0 4130 8464 8300 4427 5788 12250 1914 8879 7467 871 3091 2206 10592 1359 6876 9604 12709 3397 6939 2640
3193 2779 5264 7667 4591 4130 0 4490 4326 453 1814 8276 4096 4905 3493 4875 1173 3274 6618 3819 2902 5630 8735 1377 2965 1744
3175 1981 1786 4189 1113 8464 4490 0 1254 4151 3790 4798 8430 1427 2263 9209 5507 7608 3140 8153 1792 2152 5257 5711 3047 6078
3011 1817 2028 4431 1355 8300 4326 1254 0 3987 3626 5040 8266 1669 2099 9045 5343 7444 3382 7989 1628 2394 5499 5547 2883 5914
2854 2440 4925 7328 4252 4427 453 4151 3987 0 1475 7937 4393 4566 3154 5172 1470 3571 6279 4116 2563 5291 8396 1674 2626 2041
2493 2079 4564 6967 3891 5788 1814 3790 3626 1475 0 7576 5754 4205 2793 6533 2831 4932 5918 5477 2202 4930 8035 3035 2265 3402
6961 5767 3676 2017 4305 12250 8276 4798 5040 7937 7576 0 12216 3755 6049 12995 9293 11394 2660 11939 5578 2958 1215 9497 6833 9864
7133 6719 9204 11607 8531 1914 4096 8430 8266 4393 5754 12216 0 8845 7433 2659 3057 2172 10558 1603 6842 9570 12675 3363 6905 2606
3590 2396 743 3146 934 8879 4905 1427 1669 4566 4205 3755 8845 0 2678 9624 5922 8023 2097 8568 2207 1109 4214 6126 3462 6493
2178 984 3037 5440 2364 7467 3493 2263 2099 3154 2793 6049 7433 2678 0 8212 4510 6611 4391 7156 795 3403 6508 4714 2050 5081
7912 7498 9983 12386 9310 871 4875 9209 9045 5172 6533 12995 2659 9624 8212 0 3836 2951 11337 2104 7621 10349 13454 4142 7684 3385
4210 3796 6281 8684 5608 3091 1173 5507 5343 1470 2831 9293 3057 5922 4510 3836 0 2235 7635 2780 3919 6647 9752 440 3982 705
6311 5897 8382 10785 7709 2206 3274 7608 7444 3571 4932 11394 2172 8023 6611 2951 2235 0 9736 1895 6020 8748 11853 2541 6083 1784
5303 4109 2018 2051 2647 10592 6618 3140 3382 6279 5918 2660 10558 2097 4391 11337 7635 9736 0 10281 3920 1300 3119 7839 5175 8206
6856 6442 8927 11330 8254 1359 3819 8153 7989 4116 5477 11939 1603 8568 7156 2104 2780 1895 10281 0 6565 9293 12398 3086 6628 2329
1587 393 2566 4969 1893 6876 2902 1792 1628 2563 2202 5578 6842 2207 795 7621 3919 6020 3920 6565 0 2932 6037 4123 1459 4490
4315 3121 1030 2349 1659 9604 5630 2152 2394 5291 4930 2958 9570 1109 3403 10349 6647 8748 1300 9293 2932 0 3417 6851 4187 7218
7420 6226 4135 2476 4764 12709 8735 5257 5499 8396 8035 1215 12675 4214 6508 13454 9752 11853 3119 12398 6037 3417 0 9956 7292 10323
4414 4000 6485 8888 5812 3397 1377 5711 5547 1674 3035 9497 3363 6126 4714 4142 440 2541 7839 3086 4123 6851 9956 0 4186 1011
1750 1336 3821 6224 3148 6939 2965 3047 2883 2626 2265 6833 6905 3462 2050 7684 3982 6083 5175 6628 1459 4187 7292 4186 0 4553
4781 4367 6852 9255 6179 2640 1744 6078 5914 2041 3402 9864 2606 6493 5081 3385 705 1784 8206 2329 4490 7218 10323 1011 4553 0
